8.395905142781003028e-02
4.127474977567840986e-01
2.118094104720745774e-01
6.138587879680501569e-02
4.316272162151747471e-01
1.892561851024069097e-01
9.996471730239263609e-01
1.700224202290416264e-01
4.510928148616589334e-02
3.194437690982424582e-01
8.113774406256065719e-01
6.280052974230233842e-02
2.777037133844763583e-01
1.717340822103372022e-01
9.388549731939210830e-01
6.148189735165118797e-02
2.134253049351487186e-01
3.052310206938316783e-01
7.764684253693827642e-01
1.797198617097482132e-01
2.535053608163484462e-01
4.592825783862919398e-02
1.907898460499902471e-01
3.624216270235244841e-01
1.158860843576549476e-01
3.031924934818998052e-01
4.170681467100068041e-01
3.637059713807538897e-02
3.273328428219886288e-02
1.249457505510733479e-01
4.877989008832307044e-02
8.181546626850788595e-02
4.169695829455068170e-02
2.281170657120496492e-01
7.361964332939594513e-01
3.598742111559770085e-01
7.438386524151503754e-02
4.661250944442102973e-01
1.009596822944117400e-01
4.905078929292362028e-02
2.394332082116124027e-01
4.266533414105429523e-01
7.963051705553902959e-02
9.596472267483770191e-02
9.144104634734849801e-01
4.383916139563090453e-02
1.643796562596453459e-01
8.681197575412327727e-02
7.182850097203309636e-02
2.407152513324817000e-01
9.997969348032996750e-01
1.932322135290909515e-01
9.996727589197444974e-01
3.894795521680431416e-01
8.518373731845152452e-01
8.968113748335364566e-01
7.202721416395009291e-01
6.053466696548235326e-01
6.427848509587980042e-01
9.497304660608542060e-01
8.275765228004841045e-01
8.430963508125228767e-01
1.820338915562222937e-01
8.807313420487381528e-01
9.644594097381755660e-01
6.514059246531215264e-01
8.289144615227885815e-01
9.986069504532513186e-01
3.793487226344109398e-01
9.482520791680564276e-01
9.774244086063010872e-01
3.118115951156557042e-01
6.300748685382751013e-01
4.262022474268076788e-01
8.020873869997376948e-01
9.912836017838689839e-01
7.102157301123357414e-01
4.702087207801828872e-01
9.820117305287748843e-01
2.498708403714924031e-01
1.602604830770822664e-01
9.998601128206368038e-01
9.681688044633615098e-01
9.343402462401761976e-01
5.085322634496165506e-01
8.780018335907269211e-01
8.046773702533502881e-01
6.498029884682742230e-01
7.525089868872330001e-01
9.999454554726115996e-01
2.342785725904065197e-01
7.147137626743373939e-01
6.953308880487510946e-01
8.041847088594835657e-01
8.354013748844523191e-01
5.220584791725237928e-01
5.029738557928499221e-01
7.232956640258897396e-01
9.979439320216575426e-01
4.142511836177287798e-01
