1.849953342266727474e-01
1.220791156950378348e-01
1.207852838906117582e-01
1.228427198403926196e-01
9.455383371057018982e-01
9.166822346179541725e-01
3.093723097092730967e-01
9.361829995226170903e-03
2.275558606560520170e-01
1.893130717333149082e-01
1.697399275907391647e-01
1.204080287687951806e-01
8.265533095424636434e-01
9.178534967365323261e-02
8.516397133853526036e-01
3.987170085802551472e-02
2.916344819751696682e-01
1.510439882291623737e-01
2.708835861206130291e-01
6.273139793134778486e-02
1.450786931187069695e-01
2.209632023867868778e-01
1.217282313852795644e-01
4.457694378057538293e-02
2.213137550071862525e-01
2.223133604043240341e-01
3.785960665615126230e-01
9.805251746415812042e-02
9.844233719438122421e-02
1.150523491565441786e-01
4.122508265626075308e-01
5.835676367684553556e-01
7.013397266013596254e-02
1.849199343658576578e-01
7.390333552177476284e-02
2.900645570659790007e-01
3.640263855704183871e-01
2.808386181157666583e-01
1.038725376964756142e-01
1.818640961211238569e-02
2.285281410319544015e-01
6.809466511043074655e-02
2.028854519380953181e-01
3.156093257834640675e-01
8.909837322693868467e-02
2.237065378900649215e-01
2.562076751182402190e-01
3.695713842753311357e-02
1.410424753662913588e-01
1.568386889026096853e-01
9.317855752250543411e-01
7.358836239715367267e-01
7.833305532340955057e-01
8.592675204480223483e-01
5.865927227599595506e-01
8.451064948208928396e-01
9.096532642508081690e-01
6.675485726775763906e-01
6.507423244513719229e-01
9.565950930866196078e-01
8.962023757547150637e-01
4.227020741532789283e-01
9.773337770985509598e-01
6.752938631771440159e-01
5.098909783464254941e-01
9.794628853660255485e-01
9.524517944614069309e-01
8.125922120926665215e-01
9.021820083108943455e-01
4.216910686020884369e-01
6.252297762673749704e-01
4.783866352525122378e-01
3.509581964924338160e-01
9.847919194818250954e-01
2.575119949449498624e-01
8.466291331986257607e-01
8.244665104725393823e-01
7.249136104500812916e-01
8.390147466707426060e-02
7.632555597005051817e-01
7.534911261321020071e-01
8.903322705379711488e-01
8.931204495929437881e-01
9.624907496946216723e-01
7.666126822281409403e-01
9.547908337114459076e-01
9.955925620260563935e-01
4.095736105911045311e-01
9.809345619056988319e-01
8.975747110840247567e-01
7.353312153409368168e-01
4.907089544743107878e-01
5.643886821784547259e-01
8.609824534894072734e-01
2.190553041848845861e-01
9.477372882778244412e-01
8.910611593715290768e-01
6.731991935626420176e-01
8.274172562558116395e-01
9.788009695636119556e-01
